No files changed, compilation skipped

â•­---------------------------------------------------------------------------------------------------+------------------+-------------------+--------------------+---------------------â•®
| Contract                                                                                          | Runtime Size (B) | Initcode Size (B) | Runtime Margin (B) | Initcode Margin (B) |
+=====================================================================================================================================================================================+
| AaveLiquidityRateProvider                                                                         | 2,272            | 2,868             | 22,304             | 46,284              |
|---------------------------------------------------------------------------------------------------+------------------+-------------------+--------------------+---------------------|
| AaveV3USDCAdapter                                                                                 | 13,074           | 13,142            | 11,502             | 36,010              |
|---------------------------------------------------------------------------------------------------+------------------+-------------------+--------------------+---------------------|
| AdapterFactory                                                                                    | 2,871            | 3,337             | 21,705             | 45,815              |
|---------------------------------------------------------------------------------------------------+------------------+-------------------+--------------------+---------------------|
| Address                                                                                           | 57               | 85                | 24,519             | 49,067              |
|---------------------------------------------------------------------------------------------------+------------------+-------------------+--------------------+---------------------|
| AdminModule                                                                                       | 12,684           | 12,710            | 11,892             | 36,442              |
|---------------------------------------------------------------------------------------------------+------------------+-------------------+--------------------+---------------------|
| AllocationInvariantLib                                                                            | 57               | 85                | 24,519             | 49,067              |
|---------------------------------------------------------------------------------------------------+------------------+-------------------+--------------------+---------------------|
| AllocationTypes                                                                                   | 57               | 85                | 24,519             | 49,067              |
|---------------------------------------------------------------------------------------------------+------------------+-------------------+--------------------+---------------------|
| AutomationBase                                                                                    | 57               | 81                | 24,519             | 49,071              |
|---------------------------------------------------------------------------------------------------+------------------+-------------------+--------------------+---------------------|
| BootstrapMockAdapter                                                                              | 734              | 861               | 23,842             | 48,291              |
|---------------------------------------------------------------------------------------------------+------------------+-------------------+--------------------+---------------------|
| BootstrapMockUSDC                                                                                 | 1,276            | 1,302             | 23,300             | 47,850              |
|---------------------------------------------------------------------------------------------------+------------------+-------------------+--------------------+---------------------|
| BufferManager                                                                                     | 12,086           | 13,482            | 12,490             | 35,670              |
|---------------------------------------------------------------------------------------------------+------------------+-------------------+--------------------+---------------------|
| CometUsdcMultiMarketAdapter                                                                       | 18,762           | 18,840            | 5,814              | 30,312              |
|---------------------------------------------------------------------------------------------------+------------------+-------------------+--------------------+---------------------|
| CoreHarness                                                                                       | 45,153           | 108,679           | -20,577            | -59,527             |
|---------------------------------------------------------------------------------------------------+------------------+-------------------+--------------------+---------------------|
| CoreStorage                                                                                       | 57               | 85                | 24,519             | 49,067              |
|---------------------------------------------------------------------------------------------------+------------------+-------------------+--------------------+---------------------|
| CoreVault                                                                                         | 17,054           | 18,793            | 7,522              | 30,359              |
|---------------------------------------------------------------------------------------------------+------------------+-------------------+--------------------+---------------------|
| DeployTypes                                                                                       | 57               | 85                | 24,519             | 49,067              |
|---------------------------------------------------------------------------------------------------+------------------+-------------------+--------------------+---------------------|
| DolomiteSupplyRateProvider                                                                        | 786              | 1,015             | 23,790             | 48,137              |
|---------------------------------------------------------------------------------------------------+------------------+-------------------+--------------------+---------------------|
| DolomiteUsdcMultiMarketAdapter                                                                    | 20,896           | 20,926            | 3,680              | 28,226              |
|---------------------------------------------------------------------------------------------------+------------------+-------------------+--------------------+---------------------|
| ERC20                                                                                             | 2,145            | 3,052             | 22,431             | 46,100              |
|---------------------------------------------------------------------------------------------------+------------------+-------------------+--------------------+---------------------|
| ERC4626Module                                                                                     | 10,743           | 10,769            | 13,833             | 38,383              |
|---------------------------------------------------------------------------------------------------+------------------+-------------------+--------------------+---------------------|
| EchidnaSafetyAdapterCapTier                                                                       | 4,120            | 4,194             | 20,456             | 44,958              |
|---------------------------------------------------------------------------------------------------+------------------+-------------------+--------------------+---------------------|
| EulerUsdcMultiMarketAdapter                                                                       | 19,420           | 19,495            | 5,156              | 29,657              |
|---------------------------------------------------------------------------------------------------+------------------+-------------------+--------------------+---------------------|
| Events                                                                                            | 57               | 85                | 24,519             | 49,067              |
|---------------------------------------------------------------------------------------------------+------------------+-------------------+--------------------+---------------------|
| ExitEngineLib                                                                                     | 57               | 85                | 24,519             | 49,067              |
|---------------------------------------------------------------------------------------------------+------------------+-------------------+--------------------+---------------------|
| ExitFeeLib                                                                                        | 57               | 85                | 24,519             | 49,067              |
|---------------------------------------------------------------------------------------------------+------------------+-------------------+--------------------+---------------------|
| FeeCollector                                                                                      | 7,240            | 8,322             | 17,336             | 40,830              |
|---------------------------------------------------------------------------------------------------+------------------+-------------------+--------------------+---------------------|
| FeeStorage                                                                                        | 57               | 85                | 24,519             | 49,067              |
|---------------------------------------------------------------------------------------------------+------------------+-------------------+--------------------+---------------------|
| FixedMaturityLogicLib                                                                             | 57               | 85                | 24,519             | 49,067              |
|---------------------------------------------------------------------------------------------------+------------------+-------------------+--------------------+---------------------|
| FixedMaturityModule                                                                               | 8,902            | 8,928             | 15,674             | 40,224              |
|---------------------------------------------------------------------------------------------------+------------------+-------------------+--------------------+---------------------|
| FixedMaturityStorage                                                                              | 57               | 85                | 24,519             | 49,067              |
|---------------------------------------------------------------------------------------------------+------------------+-------------------+--------------------+---------------------|
| FixedPoint                                                                                        | 57               | 85                | 24,519             | 49,067              |
|---------------------------------------------------------------------------------------------------+------------------+-------------------+--------------------+---------------------|
| FluidUsdcMultiMarketAdapter                                                                       | 8,854            | 8,884             | 15,722             | 40,268              |
|---------------------------------------------------------------------------------------------------+------------------+-------------------+--------------------+---------------------|
| GlobalConfig                                                                                      | 14,902           | 16,509            | 9,674              | 32,643              |
|---------------------------------------------------------------------------------------------------+------------------+-------------------+--------------------+---------------------|
| Incentives                                                                                        | 4,604            | 5,581             | 19,972             | 43,571              |
|---------------------------------------------------------------------------------------------------+------------------+-------------------+--------------------+---------------------|
| IncentivesEngine                                                                                  | 11,882           | 13,258            | 12,694             | 35,894              |
|---------------------------------------------------------------------------------------------------+------------------+-------------------+--------------------+---------------------|
| LiquidityOpsModule                                                                                | 15,573           | 15,599            | 9,003              | 33,553              |
|---------------------------------------------------------------------------------------------------+------------------+-------------------+--------------------+---------------------|
| MaliciousReentrantToken                                                                           | 2,117            | 2,143             | 22,459             | 47,009              |
|---------------------------------------------------------------------------------------------------+------------------+-------------------+--------------------+---------------------|
| Math                                                                                              | 57               | 85                | 24,519             | 49,067              |
|---------------------------------------------------------------------------------------------------+------------------+-------------------+--------------------+---------------------|
| MinimalQueue                                                                                      | 954              | 1,091             | 23,622             | 48,061              |
|---------------------------------------------------------------------------------------------------+------------------+-------------------+--------------------+---------------------|
| MinimalRoleGated                                                                                  | 1,307            | 1,784             | 23,269             | 47,368              |
|---------------------------------------------------------------------------------------------------+------------------+-------------------+--------------------+---------------------|
| MockAToken                                                                                        | 948              | 1,084             | 23,628             | 48,068              |
|---------------------------------------------------------------------------------------------------+------------------+-------------------+--------------------+---------------------|
| MockAavePool (test/strategies/usdc-lending/LendingStrategyUpkeep.t.sol)                           | 653              | 679               | 23,923             | 48,473              |
|---------------------------------------------------------------------------------------------------+------------------+-------------------+--------------------+---------------------|
| MockAavePool (test/strategies/usdc-lending/adapters/AaveV3USDCAdapter.t.sol)                      | 1,452            | 1,629             | 23,124             | 47,523              |
|---------------------------------------------------------------------------------------------------+------------------+-------------------+--------------------+---------------------|
| MockAaveRateProvider                                                                              | 581              | 607               | 23,995             | 48,545              |
|---------------------------------------------------------------------------------------------------+------------------+-------------------+--------------------+---------------------|
| MockAaveRewardsController                                                                         | 1,083            | 1,219             | 23,493             | 47,933              |
|---------------------------------------------------------------------------------------------------+------------------+-------------------+--------------------+---------------------|
| MockAaveSwapHelper                                                                                | 1,458            | 1,599             | 23,118             | 47,553              |
|---------------------------------------------------------------------------------------------------+------------------+-------------------+--------------------+---------------------|
| MockAdapterInvariant                                                                              | 1,357            | 1,532             | 23,219             | 47,620              |
|---------------------------------------------------------------------------------------------------+------------------+-------------------+--------------------+---------------------|
| MockAdapter_RA                                                                                    | 2,790            | 2,975             | 21,786             | 46,177              |
|---------------------------------------------------------------------------------------------------+------------------+-------------------+--------------------+---------------------|
| MockAmbiguousMarket                                                                               | 178              | 303               | 24,398             | 48,849              |
|---------------------------------------------------------------------------------------------------+------------------+-------------------+--------------------+---------------------|
| MockBufferManagerForTests                                                                         | 2,190            | 2,369             | 22,386             | 46,783              |
|---------------------------------------------------------------------------------------------------+------------------+-------------------+--------------------+---------------------|
| MockCOMP                                                                                          | 1,226            | 1,252             | 23,350             | 47,900              |
|---------------------------------------------------------------------------------------------------+------------------+-------------------+--------------------+---------------------|
| MockCamelotV3Router (test/strategies/usdc-lending/replay-defense/LendingReplayDefense.t.sol)      | 489              | 625               | 24,087             | 48,527              |
|---------------------------------------------------------------------------------------------------+------------------+-------------------+--------------------+---------------------|
| MockCamelotV3Router (test/strategies/usdc-lending/swap/RewardSwapHelper.t.sol)                    | 716              | 852               | 23,860             | 48,300              |
|---------------------------------------------------------------------------------------------------+------------------+-------------------+--------------------+---------------------|
| MockChainlinkAggregator                                                                           | 220              | 348               | 24,356             | 48,804              |
|---------------------------------------------------------------------------------------------------+------------------+-------------------+--------------------+---------------------|
| MockChainlinkFeed (test/strategies/usdc-lending/replay-defense/LendingReplayDefense.t.sol)        | 432              | 561               | 24,144             | 48,591              |
|---------------------------------------------------------------------------------------------------+------------------+-------------------+--------------------+---------------------|
| MockChainlinkFeed (test/strategies/usdc-lending/swap/RewardSwapHelper.t.sol)                      | 353              | 478               | 24,223             | 48,674              |
|---------------------------------------------------------------------------------------------------+------------------+-------------------+--------------------+---------------------|
| MockComet                                                                                         | 2,633            | 2,858             | 21,943             | 46,294              |
|---------------------------------------------------------------------------------------------------+------------------+-------------------+--------------------+---------------------|
| MockCometRegistry                                                                                 | 290              | 426               | 24,286             | 48,726              |
|---------------------------------------------------------------------------------------------------+------------------+-------------------+--------------------+---------------------|
| MockCometRewards                                                                                  | 617              | 753               | 23,959             | 48,399              |
|---------------------------------------------------------------------------------------------------+------------------+-------------------+--------------------+---------------------|
| MockDoloERC4626                                                                                   | 1,950            | 2,101             | 22,626             | 47,051              |
|---------------------------------------------------------------------------------------------------+------------------+-------------------+--------------------+---------------------|
| MockDoloPoolLike                                                                                  | 1,558            | 1,703             | 23,018             | 47,449              |
|---------------------------------------------------------------------------------------------------+------------------+-------------------+--------------------+---------------------|
| MockDoloRegistry                                                                                  | 426              | 648               | 24,150             | 48,504              |
|---------------------------------------------------------------------------------------------------+------------------+-------------------+--------------------+---------------------|
| MockDolomiteRegistry (test/fork_pre/adapters/DolomiteAdapterFork.t.sol)                           | 290              | 426               | 24,286             | 48,726              |
|---------------------------------------------------------------------------------------------------+------------------+-------------------+--------------------+---------------------|
| MockDolomiteRegistry (test/strategies/usdc-lending/DolomiteConfigCorrectness.t.sol)               | 426              | 688               | 24,150             | 48,464              |
|---------------------------------------------------------------------------------------------------+------------------+-------------------+--------------------+---------------------|
| MockERC20 (test/strategies/usdc-lending/replay-defense/LendingReplayDefense.t.sol)                | 1,552            | 2,486             | 23,024             | 46,666              |
|---------------------------------------------------------------------------------------------------+------------------+-------------------+--------------------+---------------------|
| MockERC20 (test/strategies/usdc-lending/swap/RewardSwapHelper.t.sol)                              | 1,552            | 2,486             | 23,024             | 46,666              |
|---------------------------------------------------------------------------------------------------+------------------+-------------------+--------------------+---------------------|
| MockERC20Reward                                                                                   | 1,212            | 1,238             | 23,364             | 47,914              |
|---------------------------------------------------------------------------------------------------+------------------+-------------------+--------------------+---------------------|
| MockERC20XVS                                                                                      | 1,222            | 1,248             | 23,354             | 47,904              |
|---------------------------------------------------------------------------------------------------+------------------+-------------------+--------------------+---------------------|
| MockERC4626Market                                                                                 | 487              | 626               | 24,089             | 48,526              |
|---------------------------------------------------------------------------------------------------+------------------+-------------------+--------------------+---------------------|
| MockERC4626Vault                                                                                  | 2,272            | 2,906             | 22,304             | 46,246              |
|---------------------------------------------------------------------------------------------------+------------------+-------------------+--------------------+---------------------|
| MockEulerMarket                                                                                   | 1,171            | 1,310             | 23,405             | 47,842              |
|---------------------------------------------------------------------------------------------------+------------------+-------------------+--------------------+---------------------|
| MockEulerVault (test/strategies/usdc-lending/adapters/EulerAdapter.t.sol)                         | 2,394            | 2,739             | 22,182             | 46,413              |
|---------------------------------------------------------------------------------------------------+------------------+-------------------+--------------------+---------------------|
| MockEulerVault (test/strategies/usdc-lending/adapters/EulerUsdcMultiMarketAdapter.t.sol)          | 2,148            | 2,305             | 22,428             | 46,847              |
|---------------------------------------------------------------------------------------------------+------------------+-------------------+--------------------+---------------------|
| MockFluidFToken                                                                                   | 2,618            | 2,776             | 21,958             | 46,376              |
|---------------------------------------------------------------------------------------------------+------------------+-------------------+--------------------+---------------------|
| MockGainsVault                                                                                    | 2,260            | 2,426             | 22,316             | 46,726              |
|---------------------------------------------------------------------------------------------------+------------------+-------------------+--------------------+---------------------|
| MockLendingAdapter (test/strategies/usdc-lending/UsdcLendingStrategy_CoreVault_Integration.t.sol) | 2,538            | 3,130             | 22,038             | 46,022              |
|---------------------------------------------------------------------------------------------------+------------------+-------------------+--------------------+---------------------|
| MockLendingAdapter (test/strategies/usdc-lending/UsdcMultiLendingVault.t.sol)                     | 4,806            | 5,031             | 19,770             | 44,121              |
|---------------------------------------------------------------------------------------------------+------------------+-------------------+--------------------+---------------------|
| MockLendingAdapterFuzz                                                                            | 1,812            | 1,999             | 22,764             | 47,153              |
|---------------------------------------------------------------------------------------------------+------------------+-------------------+--------------------+---------------------|
| MockLendingStrategy                                                                               | 3,959            | 4,138             | 20,617             | 45,014              |
|---------------------------------------------------------------------------------------------------+------------------+-------------------+--------------------+---------------------|
| MockLendingStrategyUpkeep                                                                         | 2,443            | 2,501             | 22,133             | 46,651              |
|---------------------------------------------------------------------------------------------------+------------------+-------------------+--------------------+---------------------|
| MockMorphoRegistry                                                                                | 394              | 672               | 24,182             | 48,480              |
|---------------------------------------------------------------------------------------------------+------------------+-------------------+--------------------+---------------------|
| MockMorphoVault                                                                                   | 2,634            | 2,979             | 21,942             | 46,173              |
|---------------------------------------------------------------------------------------------------+------------------+-------------------+--------------------+---------------------|
| MockNeitherMarket                                                                                 | 116              | 140               | 24,460             | 49,012              |
|---------------------------------------------------------------------------------------------------+------------------+-------------------+--------------------+---------------------|
| MockParamsProvider                                                                                | 2,788            | 2,863             | 21,788             | 46,289              |
|---------------------------------------------------------------------------------------------------+------------------+-------------------+--------------------+---------------------|
| MockPermit2                                                                                       | 715              | 741               | 23,861             | 48,411              |
|---------------------------------------------------------------------------------------------------+------------------+-------------------+--------------------+---------------------|
| MockPermit2X                                                                                      | 286              | 312               | 24,290             | 48,840              |
|---------------------------------------------------------------------------------------------------+------------------+-------------------+--------------------+---------------------|
| MockPokeTarget                                                                                    | 351              | 377               | 24,225             | 48,775              |
|---------------------------------------------------------------------------------------------------+------------------+-------------------+--------------------+---------------------|
| MockPoolLike                                                                                      | 1,215            | 1,381             | 23,361             | 47,771              |
|---------------------------------------------------------------------------------------------------+------------------+-------------------+--------------------+---------------------|
| MockPoolLikeMarket                                                                                | 626              | 758               | 23,950             | 48,394              |
|---------------------------------------------------------------------------------------------------+------------------+-------------------+--------------------+---------------------|
| MockRateProvider                                                                                  | 329              | 355               | 24,247             | 48,797              |
|---------------------------------------------------------------------------------------------------+------------------+-------------------+--------------------+---------------------|
| MockRealStrategy                                                                                  | 693              | 719               | 23,883             | 48,433              |
|---------------------------------------------------------------------------------------------------+------------------+-------------------+--------------------+---------------------|
| MockStrategy (test/strategies/usdc-lending/LendingStrategyUpkeep.t.sol)                           | 902              | 928               | 23,674             | 48,224              |
|---------------------------------------------------------------------------------------------------+------------------+-------------------+--------------------+---------------------|
| MockStrategy (test/strategies/usdc-lending/UpkeepLiveness.t.sol)                                  | 2,730            | 2,882             | 21,846             | 46,270              |
|---------------------------------------------------------------------------------------------------+------------------+-------------------+--------------------+---------------------|
| MockStrategyRouter                                                                                | 3,972            | 4,015             | 20,604             | 45,137              |
|---------------------------------------------------------------------------------------------------+------------------+-------------------+--------------------+---------------------|
| MockSwapHelperComet                                                                               | 1,155            | 1,296             | 23,421             | 47,856              |
|---------------------------------------------------------------------------------------------------+------------------+-------------------+--------------------+---------------------|
| MockSwapHelperVenus                                                                               | 1,155            | 1,296             | 23,421             | 47,856              |
|---------------------------------------------------------------------------------------------------+------------------+-------------------+--------------------+---------------------|
| MockUSDC (test/strategies/usdc-lending/UsdcLendingStrategy_CoreVault_Integration.t.sol)           | 2,660            | 3,451             | 21,916             | 45,701              |
|---------------------------------------------------------------------------------------------------+------------------+-------------------+--------------------+---------------------|
| MockUSDC (test/strategies/usdc-lending/UsdcMultiLendingVault.fuzz.t.sol)                          | 1,358            | 1,384             | 23,218             | 47,768              |
|---------------------------------------------------------------------------------------------------+------------------+-------------------+--------------------+---------------------|
| MockUSDC (test/strategies/usdc-lending/UsdcMultiLendingVault.t.sol)                               | 1,358            | 1,384             | 23,218             | 47,768              |
|---------------------------------------------------------------------------------------------------+------------------+-------------------+--------------------+---------------------|
| MockUSDCAave                                                                                      | 1,269            | 1,295             | 23,307             | 47,857              |
|---------------------------------------------------------------------------------------------------+------------------+-------------------+--------------------+---------------------|
| MockUSDCComet                                                                                     | 1,306            | 1,332             | 23,270             | 47,820              |
|---------------------------------------------------------------------------------------------------+------------------+-------------------+--------------------+---------------------|
| MockUSDCDolo                                                                                      | 1,306            | 1,332             | 23,270             | 47,820              |
|---------------------------------------------------------------------------------------------------+------------------+-------------------+--------------------+---------------------|
| MockUSDCEulX                                                                                      | 1,306            | 1,332             | 23,270             | 47,820              |
|---------------------------------------------------------------------------------------------------+------------------+-------------------+--------------------+---------------------|
| MockUSDCEuler                                                                                     | 1,276            | 1,302             | 23,300             | 47,850              |
|---------------------------------------------------------------------------------------------------+------------------+-------------------+--------------------+---------------------|
| MockUSDCFluid                                                                                     | 1,269            | 1,295             | 23,307             | 47,857              |
|---------------------------------------------------------------------------------------------------+------------------+-------------------+--------------------+---------------------|
| MockUSDCHygiene                                                                                   | 1,115            | 1,141             | 23,461             | 48,011              |
|---------------------------------------------------------------------------------------------------+------------------+-------------------+--------------------+---------------------|
| MockUSDCInvariant                                                                                 | 1,276            | 1,302             | 23,300             | 47,850              |
|---------------------------------------------------------------------------------------------------+------------------+-------------------+--------------------+---------------------|
| MockUSDCMorpho                                                                                    | 1,276            | 1,302             | 23,300             | 47,850              |
|---------------------------------------------------------------------------------------------------+------------------+-------------------+--------------------+---------------------|
| MockUSDCMulti                                                                                     | 1,276            | 1,302             | 23,300             | 47,850              |
|---------------------------------------------------------------------------------------------------+------------------+-------------------+--------------------+---------------------|
| MockUSDCToken                                                                                     | 845              | 871               | 23,731             | 48,281              |
|---------------------------------------------------------------------------------------------------+------------------+-------------------+--------------------+---------------------|
| MockUSDCVenus                                                                                     | 1,269            | 1,295             | 23,307             | 47,857              |
|---------------------------------------------------------------------------------------------------+------------------+-------------------+--------------------+---------------------|
| MockUSDC_RA                                                                                       | 1,263            | 1,289             | 23,313             | 47,863              |
|---------------------------------------------------------------------------------------------------+------------------+-------------------+--------------------+---------------------|
| MockUniV3Router                                                                                   | 655              | 791               | 23,921             | 48,361              |
|---------------------------------------------------------------------------------------------------+------------------+-------------------+--------------------+---------------------|
| MockUniswapV3Router                                                                               | 700              | 836               | 23,876             | 48,316              |
|---------------------------------------------------------------------------------------------------+------------------+-------------------+--------------------+---------------------|
| MockV10Adapter                                                                                    | 741              | 767               | 23,835             | 48,385              |
|---------------------------------------------------------------------------------------------------+------------------+-------------------+--------------------+---------------------|
| MockVToken                                                                                        | 2,571            | 2,729             | 22,005             | 46,423              |
|---------------------------------------------------------------------------------------------------+------------------+-------------------+--------------------+---------------------|
| MockVenusComptroller                                                                              | 631              | 767               | 23,945             | 48,385              |
|---------------------------------------------------------------------------------------------------+------------------+-------------------+--------------------+---------------------|
| MorphoUsdcMultiMarketAdapter                                                                      | 21,904           | 21,992            | 2,672              | 27,160              |
|---------------------------------------------------------------------------------------------------+------------------+-------------------+--------------------+---------------------|
| MutableDoloRegistry                                                                               | 793              | 819               | 23,783             | 48,333              |
|---------------------------------------------------------------------------------------------------+------------------+-------------------+--------------------+---------------------|
| MutableEulerRegistry                                                                              | 793              | 819               | 23,783             | 48,333              |
|---------------------------------------------------------------------------------------------------+------------------+-------------------+--------------------+---------------------|
| MutableMorphoRegistry                                                                             | 793              | 819               | 23,783             | 48,333              |
|---------------------------------------------------------------------------------------------------+------------------+-------------------+--------------------+---------------------|
| Percentage                                                                                        | 57               | 85                | 24,519             | 49,067              |
|---------------------------------------------------------------------------------------------------+------------------+-------------------+--------------------+---------------------|
| PriceOracleMiddleware                                                                             | 2,586            | 2,742             | 21,990             | 46,410              |
|---------------------------------------------------------------------------------------------------+------------------+-------------------+--------------------+---------------------|
| QueueLib                                                                                          | 57               | 85                | 24,519             | 49,067              |
|---------------------------------------------------------------------------------------------------+------------------+-------------------+--------------------+---------------------|
| QueueModule                                                                                       | 15,673           | 15,699            | 8,903              | 33,453              |
|---------------------------------------------------------------------------------------------------+------------------+-------------------+--------------------+---------------------|
| QueueStorage                                                                                      | 57               | 85                | 24,519             | 49,067              |
|---------------------------------------------------------------------------------------------------+------------------+-------------------+--------------------+---------------------|
| ReentrantAdapter                                                                                  | 1,679            | 1,816             | 22,897             | 47,336              |
|---------------------------------------------------------------------------------------------------+------------------+-------------------+--------------------+---------------------|
| RevertClassifier                                                                                  | 57               | 85                | 24,519             | 49,067              |
|---------------------------------------------------------------------------------------------------+------------------+-------------------+--------------------+---------------------|
| RevertingAavePool                                                                                 | 318              | 344               | 24,258             | 48,808              |
|---------------------------------------------------------------------------------------------------+------------------+-------------------+--------------------+---------------------|
| RevertingMockAdapter                                                                              | 325              | 351               | 24,251             | 48,801              |
|---------------------------------------------------------------------------------------------------+------------------+-------------------+--------------------+---------------------|
| RevertingOracle                                                                                   | 160              | 184               | 24,416             | 48,968              |
|---------------------------------------------------------------------------------------------------+------------------+-------------------+--------------------+---------------------|
| RewardSwapHelper                                                                                  | 9,239            | 9,269             | 15,337             | 39,883              |
|---------------------------------------------------------------------------------------------------+------------------+-------------------+--------------------+---------------------|
| SafeERC20                                                                                         | 57               | 85                | 24,519             | 49,067              |
|---------------------------------------------------------------------------------------------------+------------------+-------------------+--------------------+---------------------|
| ScoringMockAdapter                                                                                | 2,327            | 2,503             | 22,249             | 46,649              |
|---------------------------------------------------------------------------------------------------+------------------+-------------------+--------------------+---------------------|
| SelectorRegistry                                                                                  | 3,548            | 3,574             | 21,028             | 45,578              |
|---------------------------------------------------------------------------------------------------+------------------+-------------------+--------------------+---------------------|
| SignedMath                                                                                        | 57               | 85                | 24,519             | 49,067              |
|---------------------------------------------------------------------------------------------------+------------------+-------------------+--------------------+---------------------|
| SimpleProtocolRegistry                                                                            | 3,724            | 3,750             | 20,852             | 45,402              |
|---------------------------------------------------------------------------------------------------+------------------+-------------------+--------------------+---------------------|
| StabilityMockAdapter                                                                              | 1,354            | 1,524             | 23,222             | 47,628              |
|---------------------------------------------------------------------------------------------------+------------------+-------------------+--------------------+---------------------|
| StorageLayoutConsts                                                                               | 9,801            | 9,912             | 14,775             | 39,240              |
|---------------------------------------------------------------------------------------------------+------------------+-------------------+--------------------+---------------------|
| StrategyAdapterOpsModule                                                                          | 14,396           | 14,742            | 10,180             | 34,410              |
|---------------------------------------------------------------------------------------------------+------------------+-------------------+--------------------+---------------------|
| StrategyAllocCalcModule                                                                           | 18,068           | 18,359            | 6,508              | 30,793              |
|---------------------------------------------------------------------------------------------------+------------------+-------------------+--------------------+---------------------|
| StrategyBootstrapper                                                                              | 2,330            | 2,356             | 22,246             | 46,796              |
|---------------------------------------------------------------------------------------------------+------------------+-------------------+--------------------+---------------------|
| StrategyConfigLib                                                                                 | 57               | 85                | 24,519             | 49,067              |
|---------------------------------------------------------------------------------------------------+------------------+-------------------+--------------------+---------------------|
| StrategyConfigLibHarness                                                                          | 605              | 631               | 23,971             | 48,521              |
|---------------------------------------------------------------------------------------------------+------------------+-------------------+--------------------+---------------------|
| StrategyExplainabilityLens                                                                        | 9,819            | 10,190            | 14,757             | 38,962              |
|---------------------------------------------------------------------------------------------------+------------------+-------------------+--------------------+---------------------|
| StrategyHealthRegistry                                                                            | 3,098            | 3,322             | 21,478             | 45,830              |
|---------------------------------------------------------------------------------------------------+------------------+-------------------+--------------------+---------------------|
| StrategyParamsModule                                                                              | 14,046           | 14,287            | 10,530             | 34,865              |
|---------------------------------------------------------------------------------------------------+------------------+-------------------+--------------------+---------------------|
| StrategyRebalanceGateModule                                                                       | 14,206           | 14,517            | 10,370             | 34,635              |
|---------------------------------------------------------------------------------------------------+------------------+-------------------+--------------------+---------------------|
| StrategyRebalancePlanModule                                                                       | 18,949           | 19,302            | 5,627              | 29,850              |
|---------------------------------------------------------------------------------------------------+------------------+-------------------+--------------------+---------------------|
| StrategyRouter                                                                                    | 22,144           | 22,668            | 2,432              | 26,484              |
|---------------------------------------------------------------------------------------------------+------------------+-------------------+--------------------+---------------------|
| StrategySafetyOverflowModule                                                                      | 12,298           | 12,602            | 12,278             | 36,550              |
|---------------------------------------------------------------------------------------------------+------------------+-------------------+--------------------+---------------------|
| StrategyScoringModule                                                                             | 21,582           | 21,977            | 2,994              | 27,175              |
|---------------------------------------------------------------------------------------------------+------------------+-------------------+--------------------+---------------------|
| StrategySettingsModule                                                                            | 22,954           | 23,202            | 1,622              | 25,950              |
|---------------------------------------------------------------------------------------------------+------------------+-------------------+--------------------+---------------------|
| StrategyStorageLayout                                                                             | 9,801            | 10,069            | 14,775             | 39,083              |
|---------------------------------------------------------------------------------------------------+------------------+-------------------+--------------------+---------------------|
| StrategyUpkeep                                                                                    | 8,716            | 9,454             | 15,860             | 39,698              |
|---------------------------------------------------------------------------------------------------+------------------+-------------------+--------------------+---------------------|
| Strings                                                                                           | 57               | 85                | 24,519             | 49,067              |
|---------------------------------------------------------------------------------------------------+------------------+-------------------+--------------------+---------------------|
| SymbolicAdapter                                                                                   | 597              | 733               | 23,979             | 48,419              |
|---------------------------------------------------------------------------------------------------+------------------+-------------------+--------------------+---------------------|
| SymbolicUSDC                                                                                      | 838              | 864               | 23,738             | 48,288              |
|---------------------------------------------------------------------------------------------------+------------------+-------------------+--------------------+---------------------|
| SymbolicVault                                                                                     | 856              | 1,033             | 23,720             | 48,119              |
|---------------------------------------------------------------------------------------------------+------------------+-------------------+--------------------+---------------------|
| SystemSealer                                                                                      | 9,574            | 9,600             | 15,002             | 39,552              |
|---------------------------------------------------------------------------------------------------+------------------+-------------------+--------------------+---------------------|
| UsdcMultiLendingVault                                                                             | 24,048           | 27,391            | 528                | 21,761              |
|---------------------------------------------------------------------------------------------------+------------------+-------------------+--------------------+---------------------|
| VaultFactory                                                                                      | 2,891            | 2,958             | 21,685             | 46,194              |
|---------------------------------------------------------------------------------------------------+------------------+-------------------+--------------------+---------------------|
| VenusUsdcMultiMarketAdapter                                                                       | 10,890           | 10,941            | 13,686             | 38,211              |
|---------------------------------------------------------------------------------------------------+------------------+-------------------+--------------------+---------------------|
| WithdrawalCapLib                                                                                  | 57               | 85                | 24,519             | 49,067              |
â•°---------------------------------------------------------------------------------------------------+------------------+-------------------+--------------------+---------------------â•¯

Error: some contracts exceed the runtime size limit (EIP-170: 24576 bytes)
